805    -508 1
1394   -389 2
1971  -155 3
2354   -555 4
2774   -328 3
3282   -247 1
3680   -386 1
3900   -579 3
4389   -406 2
4633   -233 2
5028   -384 1
5200  -578 3
5821   -174 4
6041  -367 1
6594   -513 2
6771   -294 4
7254   -580 1
7451   -256 2
7899   -410 3
8230   -271 2
8720  -528 1
9042   -392 3
9356   -239 4
9651   -471 1
10142   -593 2 
10621   -408 4
10890   -274 3
11041   -451 2
11331   -565 3
11572   -409 1
11780   -278 1
12075   -451 2
12303   -597 3
12634   -397 4
12879   -284 2
13099   -438 4
13275   -585 1
13549   -290 2
13637   -197 3
13937   -394 1
14120   -534 2
14405   -384 3
14631   -289 4
15083   -383 2
15371   -529 1
15660   -236 3